```
1 0.7602627 0.6998240 0.0521136 0.0579803
1 0.8384544 0.7624224 0.0384345 0.0374030
1 0.0725788 0.3032583 0.0442544 0.0533449
1 0.2584217 0.2325876 0.1057722 0.1167479
1 0.7863974 0.6661276 0.0515550 0.0502324
1 0.1535454 0.4812099 0.0824940 0.1862147
1 0.1053301 0.2014735 0.0437848 0.0565039
1 0.8348750 0.9604340 0.0287390 0.0283302
1 0.8298019 0.4668994 0.0499612 0.0435043
1 0.3987048 0.1954624 0.1579263 0.1553543
1 0.3302789 0.7480072 0.0294369 0.0282060
1 0.1776294 0.1163301 0.1787775 0.1105031
1 0.6136658 0.4194717 0.0897722 0.1092667
1 0.7168531 0.9181340 0.1058955 0.0689683
1 0.6755171 0.3164397 0.1063159 0.1307010
1 0.0867800 0.8439120 0.1398013 0.1503365
1 0.7408274 0.8076931 0.0736885 0.0664128
1 0.3019186 0.2876162 0.0471115 0.0392248
1 0.8690704 0.7531202 0.0486455 0.0531810
1 0.9709906 0.2540780 0.0334564 0.0354742
1 0.1650200 0.6557555 0.1221075 0.1458128
1 0.8371876 0.2749137 0.1723451 0.1744559
1 0.4014225 0.3925173 0.0275599 0.0309442
1 0.8557168 0.4995996 0.0392817 0.0354328
1 0.4344962 0.6167998 0.0509425 0.0575373
1 0.9153184 0.2538533 0.0513607 0.0476693
1 0.7918209 0.6193585 0.0527295 0.0521944
1 0.4894511 0.3290485 0.1362071 0.1672906
1 0.5481172 0.2809593 0.1298824 0.1478012
1 0.0764783 0.5134103 0.1031829 0.1629992
1 0.0096012 0.9145540 0.0189263 0.0283660
1 0.2901822 0.4443625 0.1787741 0.2154681
1 0.9860099 0.0122287 0.0269667 0.0244575
1 0.7340789 0.7277281 0.0167259 0.0169008
1 0.3360184 0.6189876 0.0523509 0.0567803
1 0.8289531 0.7052244 0.0294111 0.0543767
1 0.8105603 0.7264303 0.0167296 0.0185498
1 0.0087143 0.8145503 0.0169551 0.0173524
1 0.4238862 0.5121769 0.0093348 0.0118536
1 0.3565592 0.0091844 0.0435462 0.0183689
1 0.0055399 0.1324187 0.0097810 0.0149486
1 0.3865391 0.6071430 0.0421767 0.0370684
1 0.1839933 0.1825102 0.0193898 0.0241562
1 0.4354901 0.8383986 0.0108174 0.0125763
1 0.7892484 0.6451882 0.0616451 0.1040665
1 0.2275942 0.6833800 0.0714439 0.0603865
1 0.7979297 0.8472725 0.0116370 0.0134209
1 0.1036223 0.4858185 0.1634314 0.2142925
1 0.2486989 0.7066698 0.0237038 0.0200702
1 0.8363285 0.3654285 0.0722879 0.0497439
1 0.7981896 0.5092876 0.0118826 0.0116551
1 0.8109769 0.7049790 0.0144440 0.0233542
1 0.7172584 0.7933078 0.0263258 0.0288060
1 0.4487470 0.6745037 0.0171512 0.0252307
1 0.8356954 0.7458141 0.0420189 0.0687043
1 0.3117978 0.4843705 0.0177881 0.0244368
1 0.9055751 0.2813921 0.0271203 0.0220743
1 0.8339676 0.7536704 0.0330432 0.0323450
1 0.3603404 0.6727775 0.0141813 0.0168710
1 0.1955781 0.6217687 0.0538930 0.0563394
1 0.8584164 0.7389649 0.0670276 0.0835786
```